137
134
128
154
133
139
139
139
139
130
153
151
134
130
130
130
130
130
130
130
130
130
130
130
130
130
130
130
130
130
130
130
130
130
130
130
130
130
130
130
130
130
130
130
130
130
130
130
130
130
130
130
130
130
130
130
141
139
130
135
134
134
132
134
134
137
134
100
134
137
134
134
134
134
134
134
134
133
140
148
148
130
159
131
129
129
129
140
141
141
144
135
135
135
141
131
159
134
139
131
144
144
144
144
144
144
144
144
144
144
144
144
144
144
144
144
144
144
144
144
130
126
142
166
156
157
157
130
137
143
141
132
132
144
144
144
144
144
144
144
144
144
144
144
144
144
144
144
144
144
144
144
144
144
144
144
144
144
144
144
144
144
144
144
144
144
130
130
130
144
144
141
141
144
144
144
144
144
144
144
144
144
144
144
144
144
144
144
144
144
144
144
144
144
144
144
